 5.9396  2.6319
 5.9702  2.6349
 6.0041  2.6382
 6.0414  2.6417
 6.0825  2.6454
 6.1276  2.6494
 6.1770  2.6535
 6.2302  2.6577
 6.2885  2.6622
 6.3523  2.6668
 6.4221  2.6717
 6.4984  2.6768
 6.5810  2.6820
 6.6695  2.6873
 6.7658  2.6926
 6.8703  2.6981
 6.9837  2.7034
 7.1069  2.7086
 7.2382  2.7135
 7.3811  2.7180
 7.5374  2.7218
 7.7092  2.7248
 7.8992  2.7268
 8.1107  2.7277
 8.3473  2.7274
 8.6127  2.7258
 8.9101  2.7228
 9.2407  2.7182
 9.6027  2.7121
 9.9918  2.7044
10.4006  2.6950
10.8141  2.6839
11.2250  2.6710
11.6152  2.6568
11.9807  2.6417
