11.0211  2.6532
11.2317  2.6448
11.4466  2.6362
11.6643  2.6276
11.8851  2.6190
12.1079  2.6107
12.3326  2.6028
12.5604  2.5952
12.7922  2.5881
13.0284  2.5814
13.2699  2.5751
13.5175  2.5691
13.7714  2.5634
14.0315  2.5578
14.2974  2.5524
14.5687  2.5471
14.8456  2.5419
15.1268  2.5368
15.4116  2.5321
15.6997  2.5277
15.9908  2.5238
16.2849  2.5206
16.5823  2.5182
16.8833  2.5167
17.1887  2.5165
17.4994  2.5178
17.8167  2.5206
18.1421  2.5251
18.4769  2.5315
18.8220  2.5400
19.1786  2.5505
19.5476  2.5633
19.9291  2.5782
