   0     4.0000     5.4674       2.7465       0.4227      78.8340       0.0000    4.682
   1     4.3084     5.5652       2.7567      -0.2202      81.8741      -0.0921    5.879
   2     4.6406     5.6778       2.7645      -0.6877      84.4304       0.0247    7.970
   3     4.9984     5.8516       2.7722      -1.1314      86.4575       0.0140   12.347
   4     5.3838     6.1203       2.7796      -1.5339      87.9512       0.1781   17.540
   5     5.7990     6.5770       2.7899      -2.0575      89.1014       0.2824   16.351
   6     6.2461     7.2658       2.8049      -2.7503      90.2599       0.5348   12.157
   7     6.7277     8.1115       2.8291       2.5233      91.8293       0.3404   14.557
   8     7.2464     8.7511       2.8582       1.4194      93.7968      -0.5053   19.196
   9     7.8052     9.1593       2.8754       0.8061      95.6483      -0.4632   14.477
  10     8.4070     9.5746       2.8825       0.5657      97.1654      -0.3025   13.948
  11     9.0552    10.0419       2.8832       0.5403      98.3433      -0.1614   32.506
  12     9.7534    10.5642       2.8808       0.6148      99.1995       0.0854   32.860
  13    10.5055    11.1434       2.8802       0.6350      99.7450       0.2802   33.213
  14    11.3155    11.8017       2.8851       0.5054      99.9966       0.2417   22.831
  15    12.1880    12.5613       2.8942       0.2714     100.0003      -0.0336   24.359
  16    13.1277    13.4339       2.9021       0.0818      99.8211      -0.3229   37.781
  17    14.1399    14.4335       2.9032       0.0545      99.5407      -0.4579   29.295
  18    15.2302    15.5398       2.8953       0.2141      99.2511      -0.3150   27.002
  19    16.4045    16.6620       2.8820       0.4742      98.9783       0.1788   34.016
  20    17.6694    17.7354       2.8731       0.6429      98.6283       0.7744   33.911
  21    19.0318    18.8141       2.8797       0.5339      98.0756       1.0769   23.427
  22    20.4992    19.9971       2.9066       0.1048      97.2785       1.0826   22.138
  23    22.0798    21.3318       2.9524      -0.5695      96.2686       0.6822   28.128
  24    23.7823    22.8192       3.0081      -1.3123      95.0808      -0.0061   22.026
  25    25.6160    24.5048       3.0596      -1.9307      93.7339      -0.2050   22.507
  26    27.5911    26.5519       3.1036      -2.4002      92.3198       0.4144   29.076
  27    29.7186    29.0905       3.1523      -2.8598      91.0583       1.5159   30.189
  28    32.0100    32.0279       3.2268      -3.4744      90.1738       2.4417   29.063
  29    34.4781    35.0430       3.3429       1.9783      89.7081       1.6156   20.630
  30    37.1366    37.8025       3.4819       1.1238      89.4592      -0.4952   17.714
  31    40.0000    40.3940       3.6014       0.4861      89.1519       0.0000   18.264
