   0     5.4674     6.5742       2.7915      -1.6996      80.8729       0.0000   17.423
   1     5.8318     6.7527       2.8016      -2.2099      84.3689       0.1054   16.625
   2     6.2204     7.0023       2.8131      -2.7667      87.1770       0.2824   20.011
   3     6.6349     7.3616       2.8294       2.7718      89.4577       0.4181   13.748
   4     7.0771     7.8348       2.8527       1.7738      91.5103       0.2981   17.317
   5     7.5487     8.3303       2.8804       0.6763      93.5519      -0.3935   24.220
   6     8.0517     8.7597       2.8986      -0.0071      95.4461      -0.9985   23.245
   7     8.5882     9.1977       2.8965       0.0631      96.9770      -0.7689   32.024
   8     9.1606     9.7023       2.8796       0.6285      98.1777      -0.1276   26.705
   9     9.7710    10.2314       2.8612       1.2214      99.1224       0.6054   39.925
  10    10.4221    10.7567       2.8558       1.3957      99.7520       1.0352   37.907
  11    11.1166    11.3236       2.8707       0.9640     100.0004       0.6736   44.124
  12    11.8574    11.9761       2.8977       0.2268      99.9133      -0.1565   34.374
  13    12.6476    12.7342       2.9200      -0.3402      99.5987      -0.7404   34.859
  14    13.4904    13.6248       2.9266      -0.4995      99.2270      -1.0302   32.014
  15    14.3894    14.6326       2.9128      -0.2028      98.9971      -0.9263   94.502
  16    15.3483    15.6708       2.8819       0.4354      98.9800      -0.1175   82.713
  17    16.3710    16.6525       2.8507       1.0586      99.0265       0.8031   33.454
  18    17.4620    17.6071       2.8370       1.3242      98.9124       1.0937   44.727
  19    18.6256    18.6116       2.8454       1.1769      98.5433       1.1061   75.186
  20    19.8668    19.6930       2.8746       0.6855      97.9302       1.0029   69.317
  21    21.1907    20.8455       2.9214      -0.0419      97.0903       0.4971   67.191
  22    22.6028    22.0661       2.9749      -0.8029      96.0112      -0.2956   54.058
  23    24.1090    23.3966       3.0193      -1.3812      94.6840      -0.6992   49.309
  24    25.7156    24.9273       3.0474      -1.7175      93.1866      -0.4273  145.794
  25    27.4292    26.7167       3.0655      -1.9159      91.7035       0.2016   28.759
  26    29.2571    28.7039       3.0864      -2.1252      90.4173       0.7717  136.051
  27    31.2067    30.7173       3.1209      -2.4429      89.3562       0.8575  129.740
  28    33.2863    32.5966       3.1698      -2.8569      88.3486       0.1039  124.765
  29    35.5044    34.2870       3.2177      -3.2313      87.1107      -1.4711   19.337
  30    37.8704    35.8179       3.2342      -3.3535      85.3555      -4.0349   18.956
  31    40.3940    37.2537       3.1715      -2.9110      82.8394       0.0000   11.885
